<?xml version="1.0" encoding="UTF-8"?>
<document version="2.0.0">
  <chunk label="Chunk 1" enabled="true">
    <sensors next_id="1">
      <sensor id="0" label="iPhone 14 Pro Max, iPhone 14 Pro Max back triple camera 6.86mm f/1.78 (6.86mm)" type="frame">
        <resolution width="4032" height="3024"/>
        <property name="pixel_width" value="0.0024537779513574376"/>
        <property name="pixel_height" value="0.0024537779513574376"/>
        <property name="focal_length" value="6.8600000000000003"/>
        <property name="layer_index" value="0"/>
        <bands>
          <band label="Red"/>
          <band label="Green"/>
          <band label="Blue"/>
        </bands>
        <data_type>uint8</data_type>
        <calibration type="frame" class="adjusted">
          <resolution width="4032" height="3024"/>
          <f>2817.4264250580745</f>
          <cx>-12.22004728083345</cx>
          <cy>-2.8872686676454555</cy>
          <k1>0.15177314765541025</k1>
          <k2>-0.37566491584193268</k2>
          <k3>0.28943468212760609</k3>
          <p1>0.00079411162935727323</p1>
          <p2>-0.0011963532288796314</p2>
        </calibration>
        <covariance>
          <params>f cx cy k1 k2 k3 p1 p2</params>
          <coeffs>0.11929470952009205 0.00089087619204433689 -0.018007782850970443 8.577823994911924e-06 7.8905407922884656e-07 2.1177736985685174e-05 8.857374305846848e-07 -3.8270796373965714e-06 0.00089087619204433689 0.30156167383616533 -0.028401633556278141 5.1267389394250427e-08 -4.9451720681266014e-06 5.6327528624985221e-06 2.527778295635592e-05 -3.7007686476577504e-06 -0.018007782850970443 -0.028401633556278141 0.28152844306124625 6.5706816665718731e-07 6.4706322533643846e-06 -1.1168592505264994e-05 -2.1212911178382579e-06 2.9203072019836222e-05 8.577823994911924e-06 5.1267389394250427e-08 6.5706816665718731e-07 1.4472433162705884e-07 -4.1391817230617046e-07 3.7746470010753967e-07 6.1853269874772793e-10 -1.0735566278741707e-09 7.8905407922884656e-07 -4.9451720681266014e-06 6.4706322533643846e-06 -4.1391817230617046e-07 1.2895423014733162e-06 -1.2182925040606103e-06 -1.6217777073863747e-09 3.2353461566748153e-09 2.1177736985685174e-05 5.6327528624985221e-06 -1.1168592505264994e-05 3.7746470010753967e-07 -1.2182925040606103e-06 1.1879608351886095e-06 1.6371236894908854e-09 -3.4843358090593531e-09 8.857374305846848e-07 2.527778295635592e-05 -2.1212911178382579e-06 6.1853269874772793e-10 -1.6217777073863747e-09 1.6371236894908854e-09 2.5227187655723982e-09 -2.8193849786575589e-10 -3.8270796373965714e-06 -3.7007686476577504e-06 2.9203072019836222e-05 -1.0735566278741707e-09 3.2353461566748153e-09 -3.4843358090593531e-09 -2.8193849786575589e-10 3.7510447299802631e-09</coeffs>
        </covariance>
        <meta>
          <property name="Exif/LensModel" value="iPhone 14 Pro Max back triple camera 6.86mm f/1.78"/>
          <property name="Exif/Make" value="Apple"/>
          <property name="Exif/Model" value="iPhone 14 Pro Max"/>
          <property name="Exif/Software" value="26.0.1"/>
        </meta>
      </sensor>
    </sensors>
    <components next_id="1" active_id="0">
      <component id="0" label="Component 1">
        <region>
          <center>-0.060816096580200041 2.2773697350598274 -1.8261689230060629</center>
          <size>12.790557980537415 7.883710503578186 7.3251351833343499</size>
          <R>-0.17285871336514624 -0.82438004801064524 -0.53899666200795004 0.94134568771971949 -0.29929087723011749 0.15586297513622346 -0.28980711072234644 -0.48043991013319559 0.82776163919692036</R>
        </region>
        <partition>
          <camera_ids>0 1 2 3 4 5 6 7 8 9 10 11 12 13 14 15 16 17 18 19</camera_ids>
        </partition>
      </component>
    </components>
    <cameras next_id="20" next_group_id="0">
      <camera id="0" sensor_id="0" component_id="0" label="1">
        <transform>0.99648136259381381 -0.081340304341716144 0.020215065984905183 0.32667436247919657 -0.080807494995054227 -0.86834083341703783 0.48934072564341996 3.9089803544770079 -0.02224955630571902 -0.48925244190520045 -0.87185836311524656 2.227477613815517 0 0 0 1</transform>
        <orientation>6</orientation>
      </camera>
      <camera id="1" sensor_id="0" component_id="0" label="2">
        <transform>0.99941413475379526 -0.033034592599928775 0.0089500249206740899 0.32870046578172185 -0.034225469105982793 -0.96514937262587253 0.25945193347585693 4.1417310745116955 6.722201553576907e-05 -0.25960624840639279 -0.96571454957951131 2.2269587716385253 0 0 0 1</transform>
        <rotation_covariance>3.2227722356442791e-09 4.7513643918540077e-11 -3.3987227361616032e-10 4.7513643918540122e-11 3.5247562734474504e-09 7.7847667777488486e-11 -3.3987227361616032e-10 7.7847667777488382e-11 1.2709330106503143e-09</rotation_covariance>
        <location_covariance>4.3053300198179033e-08 -8.2109229525026607e-11 -7.0252867751339165e-09 -8.2109229525026607e-11 4.2475340403110111e-08 6.6994115664408398e-09 -7.0252867751339165e-09 6.6994115664408398e-09 1.405504987331279e-08</location_covariance>
        <orientation>6</orientation>
      </camera>
      <camera id="2" sensor_id="0" component_id="0" label="3">
        <transform>0.99960670241522664 0.016321042278884788 -0.022804913187460779 0.30152747577857658 0.018101368437641891 -0.99661625697085576 0.080177158855153474 4.3145000521335728 -0.021419172421956664 -0.080558425508015508 -0.99651972340362005 2.1501020658741377 0 0 0 1</transform>
        <rotation_covariance>5.5569294219046761e-09 -1.0628058865065395e-10 -6.6714468530927354e-10 -1.0628058865065393e-10 6.8403053514542523e-09 5.5944186280740664e-10 -6.6714468530927354e-10 5.5944186280740664e-10 3.191202734272841e-09</rotation_covariance>
        <location_covariance>8.0251577640628207e-08 -4.3443383943442504e-09 -1.3287214446399751e-08 -4.3443383943442504e-09 8.8784238352885334e-08 -3.1448031533006842e-10 -1.3287214446399751e-08 -3.1448031533006842e-10 3.3577937342269174e-08</location_covariance>
        <orientation>6</orientation>
      </camera>
      <camera id="3" sensor_id="0" component_id="0" label="4">
        <transform>0.99906829301791444 0.042183963563629683 -0.0091136767735485926 0.28513278959664556 0.040012755031661552 -0.98451696749542716 -0.17066141962489334 4.5265127096689968 -0.016171744527001389 0.17013774987247871 -0.9852875827631663 2.0846322808387452 0 0 0 1</transform>
        <rotation_covariance>9.0189632736317612e-09 -4.3342798457596172e-10 -6.6897213128490224e-10 -4.3342798457596182e-10 9.2254164137146499e-09 1.2733720360560478e-09 -6.6897213128490214e-10 1.2733720360560476e-09 7.5467130695251517e-09</rotation_covariance>
        <location_covariance>1.0993365699234466e-07 -1.3935213173402807e-08 -2.3853245338059433e-08 -1.3935213173402807e-08 1.6757978592418233e-07 -1.7016638241550774e-08 -2.3853245338059433e-08 -1.7016638241550774e-08 7.7100945622648383e-08</location_covariance>
        <orientation>6</orientation>
      </camera>
      <camera id="4" sensor_id="0" component_id="0" label="5">
        <transform>0.99607225764288854 0.068460309474941472 -0.056153749481171938 0.34609339047177634 0.05676660935775954 -0.98045337783418096 -0.18838451623094632 4.5809144783351661 -0.067952995638327254 0.184456932426351 -0.98048866921736422 2.5716894304472095 0 0 0 1</transform>
        <rotation_covariance>8.1804660056156423e-09 5.7133158516080221e-10 -1.1201165980074818e-09 5.7133158516080221e-10 9.5070250511493601e-09 1.0564021388831128e-09 -1.1201165980074822e-09 1.0564021388831132e-09 7.5462254465133015e-09</rotation_covariance>
        <location_covariance>1.3312603380622249e-07 1.7069212089441882e-08 -3.5252476939032024e-08 1.7069212089441882e-08 2.0642840799383852e-07 4.1501589678354179e-09 -3.5252476939032024e-08 4.1501589678354179e-09 7.603197282118479e-08</location_covariance>
        <orientation>6</orientation>
      </camera>
      <camera id="5" sensor_id="0" component_id="0" label="6">
        <transform>0.99808487027494364 0.047281018375382254 -0.039888557627922636 0.36964603439146498 0.050625842395979406 -0.99487768856533987 0.087495193448460282 3.2333530633354077 -0.035547374163878778 -0.089347020634561652 -0.99536601011576653 2.4367640323687274 0 0 0 1</transform>
        <rotation_covariance>2.0252733557405417e-08 -3.4648791098603611e-11 2.3335308006793739e-09 -3.4648791098603636e-11 1.4342096554246312e-08 9.9284696381874097e-10 2.3335308006793735e-09 9.9284696381874076e-10 2.6208916455084797e-09</rotation_covariance>
        <location_covariance>2.185371797215166e-07 5.4384659236228052e-09 -3.5684973795671251e-08 5.4384659236228052e-09 2.7044589668867736e-07 4.8120793053684963e-08 -3.5684973795671251e-08 4.8120793053684963e-08 4.7281583808394238e-08</location_covariance>
        <orientation>6</orientation>
      </camera>
      <camera id="6" sensor_id="0" component_id="0" label="7">
        <transform>0.99925827954783086 0.035268828739623247 -0.015459640178368764 0.35162786204920465 0.036231124414261059 -0.99708421623840571 0.067159298328096362 2.7085629226170931 -0.013045933419569687 -0.067669605049675299 -0.99762248780469709 2.1739508007783832 0 0 0 1</transform>
        <rotation_covariance>2.4282866794125903e-08 -6.6009506799641138e-10 2.455191500791418e-09 -6.6009506799641148e-10 1.3573995908922233e-08 1.6697190935983963e-09 2.455191500791418e-09 1.6697190935983961e-09 2.875194036479617e-09</rotation_covariance>
        <location_covariance>1.9061076062483192e-07 -3.0450985414211144e-09 -2.9078353293203526e-08 -3.0450985414211144e-09 2.4290028658531424e-07 7.0536651034154006e-08 -2.9078353293203526e-08 7.0536651034154006e-08 6.7498141171215265e-08</location_covariance>
        <orientation>6</orientation>
      </camera>
      <camera id="7" sensor_id="0" component_id="0" label="8">
        <transform>0.99991924527644849 -0.012437379136028649 -0.0026104647103518744 0.33463929423149935 -0.011543517054869648 -0.97480802873304218 0.22274661463556306 2.0352609301932127 -0.0053150860558646498 -0.22269849285037094 -0.97487287947834089 1.9135432584615211 0 0 0 1</transform>
        <rotation_covariance>2.8577165527063887e-08 -1.0652667107097061e-09 3.2269889698544832e-09 -1.0652667107097057e-09 1.348081524015127e-08 3.3771979927103994e-10 3.2269889698544836e-09 3.3771979927104025e-10 3.4541971816705758e-09</rotation_covariance>
        <location_covariance>1.8282050706173621e-07 -2.7236851336272467e-09 -1.9104269485033019e-08 -2.7236851336272467e-09 2.692224230678498e-07 1.0634347725667083e-07 -1.9104269485033019e-08 1.0634347725667083e-07 1.3212972883485783e-07</location_covariance>
        <orientation>6</orientation>
      </camera>
      <camera id="8" sensor_id="0" component_id="0" label="9">
        <transform>0.99998423014130333 0.0026808647482528839 -0.0049348184269763923 0.28772831840288976 0.0033532918155745194 -0.98989841508566512 0.14173878525261499 1.5058998664124019 -0.0045049864267555466 -0.1417530979382422 -0.98989179424935436 1.6402934055337535 0 0 0 1</transform>
        <rotation_covariance>4.4451895966489689e-08 -8.6752876050514716e-10 4.1021031561401326e-09 -8.6752876050514727e-10 1.3971824029110508e-08 2.3662033515938432e-09 4.1021031561401318e-09 2.3662033515938428e-09 6.7202919182731067e-09</rotation_covariance>
        <location_covariance>1.8328242122205387e-07 2.1907654746173608e-09 -1.1210472967549782e-08 2.1907654746173608e-09 3.4608896511903179e-07 1.4250627859781364e-07 -1.1210472967549782e-08 1.4250627859781364e-07 2.1576462303212233e-07</location_covariance>
        <orientation>6</orientation>
      </camera>
      <camera id="9" sensor_id="0" component_id="0" label="10">
        <transform>0.99955220959794255 0.028476625419315695 -0.0091903260332964268 0.24707062765172011 0.029071818671930174 -0.99691506245035444 0.072905333266587324 1.0076692733528847 -0.0070858765849198431 -0.073139866450067675 -0.99729652074430186 1.3937527599124486 0 0 0 1</transform>
        <rotation_covariance>6.2565063279954668e-08 2.0364038151690156e-09 4.8588555590655324e-09 2.0364038151690156e-09 2.1033427114558305e-08 3.31034512920397e-09 4.8588555590655316e-09 3.3103451292039705e-09 8.9970142232420851e-09</rotation_covariance>
        <location_covariance>2.7022598673471347e-07 7.1986931499627664e-09 -1.8282980069496751e-09 7.1986931499627664e-09 4.1766809594909637e-07 1.7893499447242883e-07 -1.8282980069496751e-09 1.7893499447242883e-07 3.2939424858510385e-07</location_covariance>
        <orientation>6</orientation>
      </camera>
      <camera id="10" sensor_id="0" component_id="0" label="11">
        <transform>0.99847708325634121 0.040855601692325758 0.03707201130593777 0.2090769681150815 0.043260088627827827 -0.99684413732183896 -0.066560728804535785 0.56861048289121208 0.034235638504663983 0.068063100850875913 -0.99709344364444663 1.0963962461349583 0 0 0 1</transform>
        <rotation_covariance>7.5797220407270783e-08 2.3395994021549787e-09 8.1653172813773562e-09 2.3395994021549787e-09 2.2761042763096331e-08 5.8798936524136398e-09 8.1653172813773562e-09 5.8798936524136398e-09 1.2938427069940576e-08</rotation_covariance>
        <location_covariance>3.0593904008795644e-07 9.2048881948355651e-09 8.6937299938381909e-09 9.2048881948355651e-09 3.8741687534282425e-07 1.635537403238637e-07 8.6937299938381909e-09 1.635537403238637e-07 4.5524876929365456e-07</location_covariance>
        <orientation>6</orientation>
      </camera>
      <camera id="11" sensor_id="0" component_id="0" label="12">
        <transform>0.99995341635939194 -0.0071269825720539602 0.0065093187507269425 -0.0023096902823991194 -0.0076623650500515636 -0.99623868953105643 0.086312001733730909 -0.052076473464107056 0.0058696910498487499 -0.086357857782957057 -0.99624689064815519 -0.047306703648001526 0 0 0 1</transform>
        <rotation_covariance>7.7945990094532231e-08 1.7315757362622847e-11 5.921742711454974e-09 1.7315757362622731e-11 2.4828144264206281e-08 4.778410168494506e-09 5.921742711454974e-09 4.7784101684945044e-09 1.9655959132623331e-08</rotation_covariance>
        <location_covariance>3.593983547428333e-07 -2.5445799956832366e-08 1.9713679992096297e-08 -2.5445799956832366e-08 3.5141521346913386e-07 -1.5735414670209774e-07 1.9713679992096297e-08 -1.5735414670209774e-07 6.3928090736656171e-07</location_covariance>
        <orientation>6</orientation>
      </camera>
      <camera id="12" sensor_id="0" component_id="0" label="13">
        <transform>0.98588087606741903 -0.065261465747348368 0.1542071311355161 -0.15352750859953884 -0.13655347050667072 -0.84634086109894646 0.51484006888243972 -0.46347874388081473 0.096912578632097165 -0.52862849707786241 -0.84330294923003657 -0.92734094196479155 0 0 0 1</transform>
        <rotation_covariance>8.2516784714682826e-08 -2.5038855147381329e-10 1.2332686145529875e-08 -2.5038855147381412e-10 3.2694692719911676e-08 6.0414725900621241e-09 1.2332686145529877e-08 6.0414725900621225e-09 3.5736248717588773e-08</rotation_covariance>
        <location_covariance>5.2644523513949408e-07 -2.6146218963991476e-08 8.7825076267446982e-09 -2.6146218963991476e-08 5.355913321879202e-07 -4.7929990063043272e-07 8.7825076267446982e-09 -4.7929990063043272e-07 8.3205307293425517e-07</location_covariance>
        <orientation>6</orientation>
      </camera>
      <camera id="13" sensor_id="0" component_id="0" label="14">
        <transform>0.96310723901728734 -0.19561408829718793 0.18482309004060837 -0.24255290189845574 -0.25073459484847416 -0.40276197148215775 0.88029254073516749 -1.1025276895949678 -0.097757910670545262 -0.89415766103493488 -0.43695018951118947 -1.3961357072098888 0 0 0 1</transform>
        <rotation_covariance>9.0803758325326369e-08 -1.5893190857922059e-08 8.8616607674432394e-09 -1.5893190857922055e-08 5.2910306187677924e-08 1.4714800912327192e-08 8.8616607674432378e-09 1.4714800912327192e-08 5.1151551004119035e-08</rotation_covariance>
        <location_covariance>7.2637716231392248e-07 -3.8531706222599785e-08 5.3612545610026446e-09 -3.8531706222599785e-08 7.2227486471064977e-07 -8.0122813960541601e-07 5.3612545610026446e-09 -8.0122813960541601e-07 1.2909820659583494e-06</location_covariance>
        <orientation>6</orientation>
      </camera>
      <camera id="14" sensor_id="0" component_id="0" label="15">
        <transform>0.98408787569571654 -0.17751986891540716 0.0075992795019243775 -0.29354266370428356 -0.075020345014816081 -0.3763475167983813 0.92343624275504255 -1.4986270051488668 -0.16106831079560519 -0.90931251104334199 -0.3836766301424962 -1.7144880988770106 0 0 0 1</transform>
        <rotation_covariance>9.7439941227357198e-08 -7.753437057218181e-09 -2.3451228044770252e-09 -7.7534370572181827e-09 5.6914776757440914e-08 2.1075584767866395e-08 -2.3451228044770223e-09 2.1075584767866399e-08 4.8469665047369939e-08</rotation_covariance>
        <location_covariance>8.761875547175551e-07 -8.9506709885895585e-08 4.8188146075569364e-09 -8.9506709885895585e-08 8.279940650573954e-07 -1.0419681291465838e-06 4.8188146075569364e-09 -1.0419681291465838e-06 1.5817898305161702e-06</location_covariance>
        <orientation>6</orientation>
      </camera>
      <camera id="15" sensor_id="0" component_id="0" label="16">
        <transform>0.98619502865154918 -0.16521113286442812 -0.011164543905659331 -0.36606150321966985 -0.033177233281183077 -0.26320105698118951 0.96417035569228671 -1.9912811391003185 -0.16223019649490367 -0.95048960287929329 -0.26504882222637383 -2.0997665793770839 0 0 0 1</transform>
        <rotation_covariance>1.030681700137225e-07 -5.9266662931086576e-09 -3.9324654673827212e-09 -5.9266662931086543e-09 6.2901758072715395e-08 2.5535964587537713e-08 -3.9324654673827212e-09 2.5535964587537713e-08 5.2632173480272231e-08</rotation_covariance>
        <location_covariance>1.0612230301912359e-06 -1.1689477216543041e-07 -1.46521523008566e-08 -1.1689477216543041e-07 1.0582766246686343e-06 -1.385492160962336e-06 -1.46521523008566e-08 -1.385492160962336e-06 2.0611098558604448e-06</location_covariance>
        <orientation>6</orientation>
      </camera>
      <camera id="16" sensor_id="0" component_id="0" label="17">
        <transform>0.97859971556581948 -0.20125885196594651 0.042865734565576637 -0.52831493293607401 -0.067171168882865659 -0.11553516751655124 0.99102959549038272 -2.3069118732277465 -0.19450097882891687 -0.97270062175999061 -0.12658147440412254 -2.7067838571170681 0 0 0 1</transform>
        <rotation_covariance>1.3094724030774897e-07 -1.0703753561754486e-08 -1.8821660185552848e-09 -1.0703753561754496e-08 7.7405694135031068e-08 3.3083363285711161e-08 -1.8821660185552873e-09 3.3083363285711161e-08 5.6842129734216647e-08</rotation_covariance>
        <location_covariance>1.3316664116290686e-06 -1.1992682246216966e-07 -5.3397337191898533e-08 -1.1992682246216966e-07 1.5540508094374144e-06 -1.8272665398837439e-06 -5.3397337191898533e-08 -1.8272665398837439e-06 2.7159337889164696e-06</location_covariance>
        <orientation>6</orientation>
      </camera>
      <camera id="17" sensor_id="0" component_id="0" label="18">
        <transform>0.98498259340962213 -0.17252012001973902 0.0067896147482851138 -0.44802469028777542 -0.07125168446536892 -0.37035355243040646 0.92615411442320195 -1.863102055557307 -0.15726566103540468 -0.91272945300924346 -0.37708415170694215 -2.4668200620546812 0 0 0 1</transform>
        <rotation_covariance>1.1869315053537536e-07 -7.215857248542276e-09 -3.2972422549723828e-09 -7.2158572485422727e-09 5.7373011198154809e-08 2.6087987671480705e-08 -3.2972422549723836e-09 2.6087987671480708e-08 5.805643019560398e-08</rotation_covariance>
        <location_covariance>1.1290247233040509e-06 -1.0054859446400776e-07 -5.759649477560121e-08 -1.0054859446400776e-07 1.2530190581122602e-06 -1.5049850023313337e-06 -5.759649477560121e-08 -1.5049850023313337e-06 2.0089771239358031e-06</location_covariance>
        <orientation>6</orientation>
      </camera>
      <camera id="18" sensor_id="0" component_id="0" label="19">
        <transform>0.99070075097166121 -0.11263451448992925 -0.076324885652090863 -0.45841065596211972 -0.015725309040904249 -0.65199944054265935 0.75805635950609074 -1.6581031247495646 -0.1351470927536175 -0.74980677222713676 -0.64770754792774188 -2.5496640077319133 0 0 0 1</transform>
        <rotation_covariance>1.3110542123221302e-07 3.3882295135140143e-09 -5.9299321244774943e-09 3.3882295135140155e-09 4.3477894479072345e-08 1.7816043084442974e-08 -5.9299321244774934e-09 1.781604308444298e-08 6.1515588502868182e-08</rotation_covariance>
        <location_covariance>1.1235878070638331e-06 -1.0186653431811332e-07 -6.2388036259128052e-08 -1.0186653431811332e-07 1.2234029923976592e-06 -1.413567887331225e-06 -6.2388036259128052e-08 -1.413567887331225e-06 1.7463081637803695e-06</location_covariance>
        <orientation>6</orientation>
      </camera>
      <camera id="19" sensor_id="0" component_id="0" label="20">
        <transform>0.99191715580704798 -0.087828870730124797 -0.091577538086189625 -0.41614152860080877 -0.010849943751546354 -0.77778976840680991 0.62843086722587826 -1.4729860668598254 -0.12642244553972495 -0.62235774730290949 -0.77245595320108862 -2.3511479505612192 0 0 0 1</transform>
        <rotation_covariance>1.2723168671141253e-07 4.8208323740083144e-09 -4.6153504977521015e-09 4.820832374008316e-09 3.853837361743445e-08 1.2673433064443917e-08 -4.6153504977521015e-09 1.2673433064443914e-08 5.687945910926148e-08</rotation_covariance>
        <location_covariance>1.0158674437228131e-06 -9.266516115853715e-08 -5.5886136799646177e-08 -9.266516115853715e-08 1.0686317062590803e-06 -1.2410944563399201e-06 -5.5886136799646164e-08 -1.2410944563399201e-06 1.4679168902839708e-06</location_covariance>
        <orientation>6</orientation>
      </camera>
    </cameras>
    <reference>LOCAL_CS["Local Coordinates (m)",LOCAL_DATUM["Local Datum",0],UNIT["metre",1,AUTHORITY["EPSG","9001"]]]</reference>
    <region>
      <center>-0.060816096580200041 2.2773697350598274 -1.8261689230060629</center>
      <size>12.790557980537415 7.883710503578186 7.3251351833343499</size>
      <R>-0.17285871336514624 -0.82438004801064524 -0.53899666200795004 0.94134568771971949 -0.29929087723011749 0.15586297513622346 -0.28980711072234644 -0.48043991013319559 0.82776163919692036</R>
    </region>
    <settings>
      <property name="accuracy_tiepoints" value="1"/>
      <property name="accuracy_cameras" value="10"/>
      <property name="accuracy_cameras_ypr" value="10"/>
      <property name="accuracy_markers" value="0.0050000000000000001"/>
      <property name="accuracy_scalebars" value="0.001"/>
      <property name="accuracy_projections" value="0.5"/>
    </settings>
    <meta>
      <property name="AlignCameras/adaptive_fitting" value="false"/>
      <property name="AlignCameras/align_laser_scans" value="false"/>
      <property name="AlignCameras/cameras" value=""/>
      <property name="AlignCameras/duration" value="4.148693"/>
      <property name="AlignCameras/min_image" value="2"/>
      <property name="AlignCameras/point_clouds" value=""/>
      <property name="AlignCameras/ram_used" value="50561024"/>
      <property name="AlignCameras/reset_alignment" value="false"/>
      <property name="AlignCameras/subdivide_task" value="true"/>
      <property name="OptimizeCameras/sigma0" value="0.431872236388004"/>
    </meta>
  </chunk>
</document>
